0 0
1 76
2 106
3 222
4 293
5 373
6 405
7 487
8 549
9 582
10 646
11 690
12 723
13 744
14 791
15 864
16 940
17 980
18 994
19 1025
20 1059
21 1146
22 1207
23 1236
24 1257
25 1285
26 1332
27 1339
28 1387
29 1416
30 1442
31 1481
32 1536
33 1549
34 1611
35 1661
36 1714
37 1746
38 1816
39 1839
40 1859
41 1899
42 1929
43 1950
44 2006
45 2049
46 2068
47 2090
48 2119
49 2128
50 2158
51 2196
52 2211
53 2247
54 2270
55 2324
56 2356
57 2384
58 2433
59 2508
60 2539
61 2559
62 2585
63 2610
64 2631
65 2695
66 2727
67 2747
68 2765
69 2823
70 2843
71 2867
72 2912
73 2940
74 2973
75 3000
76 3036
77 3047
78 3047
79 3059
80 3075
81 3119
82 3178
83 3207
84 3246
85 3261
86 3289
87 3305
88 3326
89 3340
90 3354
91 3371
92 3397
93 3424
94 3494
